teleportenabled: true
teleportauto: false
godmode: false
muted: false
jailed: false
ip-address: 177.161.195.120
afk: false
socialspy: false
npc: false
powertoolsenabled: true
accepting-pay: true
baltop-exempt: false
timestamps:
  lastteleport: 1745294135316
  lastheal: 0
  mute: 0
  jail: 0
  onlinejail: 0
  logout: 1745294925450
  login: 1745281775462
money: '0'
last-account-name: Capipipipi
lastlocation:
  world: 9bcf0f3f-c170-4700-bc04-ad3c565330dd
  world-name: world
  x: 856.6958172146157
  y: 72.0
  z: 180.1826179912758
  yaw: 3.4976806640625
  pitch: 38.58150863647461
logoutlocation:
  world: 9bcf0f3f-c170-4700-bc04-ad3c565330dd
  world-name: world
  x: 749.4961214729227
  y: 4.0
  z: 231.4326069568367
  yaw: 154.052490234375
  pitch: 7.512196063995361
homes:
  home:
    world: 9bcf0f3f-c170-4700-bc04-ad3c565330dd
    world-name: world
    x: 748.4891410191962
    y: 4.0
    z: 225.98796310586155
    yaw: -0.33073505759239197
    pitch: 14.101677894592285
  vila:
    world: 9bcf0f3f-c170-4700-bc04-ad3c565330dd
    world-name: world
    x: 1347.5627400769567
    y: 49.0
    z: 309.08598236882466
    yaw: 177.62457275390625
    pitch: 5.419957160949707
  spawn:
    world: 9bcf0f3f-c170-4700-bc04-ad3c565330dd
    world-name: world
    x: 819.9786855755985
    y: 73.0
    z: 188.4263581364265
    yaw: 2.8649630546569824
    pitch: -0.47749385237693787
  praia:
    world: 9bcf0f3f-c170-4700-bc04-ad3c565330dd
    world-name: world
    x: 215.43069208328012
    y: 63.0
    z: 17.017836579379562
    yaw: -170.6367645263672
    pitch: 9.676854133605957
