teleportenabled: true
teleportauto: false
godmode: false
muted: false
jailed: false
ip-address: 177.161.195.120
afk: false
socialspy: false
npc: false
powertoolsenabled: true
accepting-pay: true
baltop-exempt: false
timestamps:
  lastteleport: 1745297305255
  lastheal: 0
  mute: 0
  jail: 0
  onlinejail: 0
  logout: 1745297918373
  login: 1745295073393
money: '0'
last-account-name: Capipipipi
lastlocation:
  world: 9bcf0f3f-c170-4700-bc04-ad3c565330dd
  world-name: world
  x: 699.3000000119209
  y: -54.0
  z: 160.41163746337926
  yaw: 97.07290649414062
  pitch: 31.00546646118164
logoutlocation:
  world: 9bcf0f3f-c170-4700-bc04-ad3c565330dd
  world-name: world
  x: 782.3000000119209
  y: 0.0
  z: 277.14235675898294
  yaw: -74.06103515625
  pitch: 11.523534774780273
homes:
  home:
    world: 9bcf0f3f-c170-4700-bc04-ad3c565330dd
    world-name: world
    x: 748.4891410191962
    y: 4.0
    z: 225.98796310586155
    yaw: -0.33073505759239197
    pitch: 14.101677894592285
  vila:
    world: 9bcf0f3f-c170-4700-bc04-ad3c565330dd
    world-name: world
    x: 1347.5627400769567
    y: 49.0
    z: 309.08598236882466
    yaw: 177.62457275390625
    pitch: 5.419957160949707
  spawn:
    world: 9bcf0f3f-c170-4700-bc04-ad3c565330dd
    world-name: world
    x: 819.9786855755985
    y: 73.0
    z: 188.4263581364265
    yaw: 2.8649630546569824
    pitch: -0.47749385237693787
  praia:
    world: 9bcf0f3f-c170-4700-bc04-ad3c565330dd
    world-name: world
    x: 215.43069208328012
    y: 63.0
    z: 17.017836579379562
    yaw: -170.6367645263672
    pitch: 9.676854133605957
